m/z	Absolute Intensity
35.00	9
36.00	32
39.10	1785
40.05	217
41.10	7001
42.10	1262
43.10	17041
44.05	937
45.10	371
46.10	32
48.10	21
50.10	107
51.10	84
53.10	383
54.10	36
55.10	2275
56.15	5781
57.10	8028
58.10	206
62.10	20
63.10	19
64.10	29
65.10	30
66.10	4
67.10	50
69.10	337
70.15	7481
71.15	8723
72.10	318
74.10	9
75.10	14
76.10	2
80.10	53
81.10	91
82.10	5
84.10	220
85.10	741
86.10	79
87.10	8
89.10	71
90.10	17
91.10	13
95.10	78
96.10	27
97.10	1
98.10	33
99.10	18
100.25	608
101.10	43
102.20	6
103.10	27
105.20	4
106.10	12
108.20	5
109.10	17
110.10	24
113.20	10
115.10	29
117.10	3
118.10	15
122.10	49
123.10	23
124.10	21
128.10	2
129.10	41
131.20	14
132.10	16
133.20	26
134.10	42
135.20	39
136.10	26
138.20	6
139.20	49
142.10	20
143.10	2
144.20	30
145.10	17
146.10	8
147.10	107
149.10	90
150.10	12
151.20	5
153.10	52
158.10	36
159.10	11
161.10	28
164.20	63
165.10	7
166.10	9
169.10	46
172.10	51
174.10	61
175.10	52
176.10	2
177.10	46
178.10	15
179.10	43
180.10	37
181.20	2
185.10	8
188.10	47
189.20	47
190.10	3
192.20	31
194.10	61
196.10	24
198.10	1
199.10	2
200.10	18
203.10	40
204.20	14
205.10	17
208.20	42
210.10	12
211.10	59
213.20	15
214.10	48
215.10	46
218.10	58
219.20	37
220.10	6
221.10	16
223.20	4
224.10	16
226.10	6
227.10	30
228.10	12
230.20	17
232.20	6
238.10	36
239.20	54
243.20	43
244.10	25
246.10	26
247.10	32
249.10	36
250.10	32
251.10	8
252.20	29
253.10	30
255.10	25
257.20	38
259.10	15
262.20	38
263.10	26
264.10	25
267.10	54
271.10	4
274.10	15
276.20	8
277.20	13
280.10	29
281.10	46
283.10	7
285.20	12
286.10	13
288.10	4
290.10	30
291.10	30
292.20	2
293.10	45
294.10	13
297.20	47
300.10	4
303.10	42
306.10	12
308.20	10
310.10	5
311.10	15
312.20	9
313.10	42
318.10	46
322.10	41
324.10	4
325.10	20
326.10	2
327.10	54
328.10	23
330.10	53
332.20	17
333.10	23
335.20	10
337.20	1
338.10	6
340.20	9
342.10	16
343.20	17
346.10	46
348.20	3
351.10	47
353.10	17
354.20	27
355.10	12
356.10	2
357.20	54
358.20	13
359.10	4
361.10	7
362.10	24
363.10	6
365.10	25
371.20	19
372.10	18
374.10	15
375.10	20
382.10	57
385.20	1
388.10	69
390.20	21
391.20	20
393.20	43
396.10	6
397.10	38
398.10	2
399.20	14
