m/z	Absolute Intensity
35.00	79
36.00	43
38.00	127
39.10	1142
40.05	201
41.10	3203
42.10	1103
43.10	12154
44.05	509
45.10	2950
46.10	206
47.15	797
48.10	48
49.20	20
50.10	58
51.10	8
52.10	106
53.10	203
55.10	2498
56.15	2382
57.05	1366
58.10	883
59.10	9
60.20	71
61.10	15
63.10	16
65.10	29
66.10	5
67.10	216
68.20	154
69.15	1319
70.15	3956
71.15	2129
72.10	75
74.20	19
75.10	139
78.10	37
80.10	3
81.10	37
83.10	968
84.10	56
85.10	57
86.15	1754
87.20	87
89.10	26
90.20	4
91.10	126
95.10	56
97.10	55
98.10	125
99.20	5
100.10	18
101.10	5
103.10	29
105.10	30
108.10	74
109.10	25
110.20	10
111.10	15
112.10	31
113.10	19
114.20	9
117.20	39
118.10	18
119.10	9
121.10	65
125.10	49
126.20	9
127.10	81
128.10	9
130.10	17
131.10	27
132.10	29
133.10	6
134.10	7
137.10	34
138.10	20
139.20	37
141.10	49
144.10	15
145.20	5
147.10	8
149.10	21
151.10	7
154.10	22
159.20	19
160.20	7
162.20	2
163.10	11
165.10	10
169.10	21
171.10	20
176.10	28
179.20	8
181.10	15
184.10	37
185.20	17
186.10	39
190.20	5
191.20	16
192.20	40
193.20	37
200.10	42
202.20	46
207.20	39
214.10	14
217.10	5
220.10	55
221.10	17
222.10	4
224.10	37
227.10	7
228.10	1
232.20	21
233.20	35
237.10	25
239.10	41
241.10	10
243.10	33
244.10	17
246.10	18
249.20	21
251.10	17
252.10	75
253.20	6
257.10	24
258.10	11
261.20	20
264.20	77
269.20	26
271.10	8
272.10	14
277.10	42
279.20	19
280.10	10
282.20	25
286.20	3
288.20	17
289.10	15
290.20	4
291.10	27
292.20	20
294.10	3
298.10	11
299.10	13
303.10	10
312.10	18
314.20	13
315.20	5
316.20	17
318.10	22
319.20	8
323.10	61
324.10	7
325.10	20
326.20	25
330.10	27
333.10	32
334.10	21
337.10	27
339.10	4
341.10	9
346.10	5
348.20	24
350.20	27
354.20	10
357.10	7
358.10	2
362.10	16
363.10	14
366.10	21
369.20	2
374.10	34
377.20	6
379.20	4
382.20	42
383.20	18
384.10	3
386.10	43
389.20	14
390.20	26
391.20	1
392.10	45
393.20	14
394.20	11
396.10	34
