m/z	Absolute Intensity
35.00	21
37.00	55
38.10	473
39.10	3827
40.05	894
41.15	10945
42.10	3041
43.10	6485
44.10	33467
45.10	3065
46.10	78
48.10	40
49.10	81
50.10	222
51.10	287
52.10	110
53.10	598
54.10	80
55.15	807
57.10	9939
58.10	13055
59.10	563
62.10	19
63.10	81
66.10	9
67.15	448
68.10	203
73.20	6
75.10	9
78.20	45
81.20	59
86.15	688
87.20	26
88.10	15
89.10	28
91.10	41
92.10	6
95.10	3
96.20	42
97.20	47
102.10	50
105.10	11
107.20	3
109.10	26
111.20	9
116.10	32
117.10	9
119.10	10
123.20	10
126.10	9
127.10	49
129.20	20
131.20	3
133.10	7
134.20	8
137.10	40
138.10	11
141.20	63
142.10	9
143.10	41
146.20	53
149.10	24
150.10	18
152.10	72
158.10	46
160.20	12
162.10	7
166.10	39
169.10	2
172.20	6
174.20	24
176.20	4
178.10	25
179.20	12
180.10	19
182.10	1
184.10	26
186.20	14
187.10	34
191.20	10
194.10	3
196.20	6
198.10	47
201.10	11
202.10	31
205.20	27
211.20	11
212.10	45
213.10	27
215.10	76
216.10	34
220.20	3
221.10	5
224.10	34
225.20	28
226.10	20
227.20	36
228.10	2
232.10	15
235.10	28
237.10	14
240.10	6
243.10	3
246.10	27
247.10	14
250.10	16
251.20	20
252.10	10
255.20	28
256.10	42
257.10	3
261.20	49
262.10	23
264.10	3
265.20	28
266.20	6
269.10	22
270.10	11
272.20	14
275.10	20
280.20	24
281.10	30
285.20	18
288.10	7
289.10	5
291.10	60
298.10	13
299.10	20
300.10	60
301.10	26
304.10	20
309.20	13
310.10	13
312.20	9
315.10	13
317.10	22
318.20	9
321.20	13
323.10	33
325.20	12
330.10	48
334.20	7
340.20	39
342.20	8
344.10	7
345.20	64
346.20	10
348.10	43
356.10	24
357.20	25
358.10	2
359.10	5
362.10	20
364.10	43
365.10	23
366.10	11
369.20	21
371.20	6
374.10	4
379.20	13
380.10	26
382.20	5
383.20	2
388.10	32
390.10	3
394.10	24
397.10	29
398.20	19
