m/z	Absolute Intensity
38.10	197
39.10	4642
40.10	810
41.10	22134
42.15	8461
43.10	42446
47.10	94
49.10	15
51.10	113
52.10	133
53.10	783
54.10	307
55.10	4905
56.15	13720
57.15	21452
58.10	117
61.10	19
62.10	303
63.10	179
64.10	1
65.10	161
66.10	95
67.10	84
69.10	329
70.15	10671
71.15	21532
72.15	978
73.10	20
74.10	2
75.20	15
76.10	55
79.10	56
80.10	53
81.10	147
82.10	89
84.10	42
85.10	921
88.10	1
89.10	38
90.10	12
91.10	76
96.10	68
97.10	62
98.10	53
100.15	6687
101.20	375
102.20	27
103.20	40
105.20	105
109.20	15
111.20	50
113.20	27
115.20	10
119.20	13
122.20	13
126.20	24
127.20	45
130.20	20
136.20	11
137.20	39
146.20	1
150.20	22
152.20	5
158.20	26
160.20	5
161.20	39
163.20	26
165.20	1
166.20	24
169.20	72
171.20	31
178.20	21
180.20	3
190.20	11
195.20	24
196.20	47
201.20	13
202.20	9
207.20	87
209.20	9
210.20	11
211.20	4
212.20	2
213.20	24
215.20	11
221.20	44
225.20	44
227.20	13
230.20	23
231.20	10
237.20	19
240.20	12
246.20	45
247.20	11
249.20	2
250.20	21
251.20	35
253.20	7
256.20	12
257.20	29
259.20	13
260.20	12
261.20	17
265.20	75
268.20	14
270.20	8
274.20	5
275.20	13
277.20	8
279.20	15
282.20	17
283.20	12
285.20	10
287.20	3
291.20	19
296.20	5
297.20	16
298.20	37
300.20	41
301.20	27
309.20	21
313.20	5
314.20	9
318.20	15
320.20	3
322.20	2
323.20	25
327.20	1
328.20	5
329.20	2
330.20	4
331.20	9
333.20	34
339.20	10
340.20	101
342.20	40
343.20	19
345.20	4
346.20	32
348.20	42
349.20	39
351.20	4
355.20	9
356.20	53
357.20	5
359.20	32
364.20	22
365.20	54
369.20	16
370.20	27
371.20	29
373.20	16
374.20	2
375.20	44
379.20	18
383.20	19
390.20	11
395.20	23
399.20	10
