m/z	Absolute Intensity
37.00	51
38.15	375
39.10	8456
40.05	1398
41.10	20600
42.10	12925
43.10	4051
44.05	94
45.10	235
46.10	25
47.10	73
49.10	42
50.10	301
51.00	559
52.00	356
53.10	2599
54.15	2157
55.10	44477
56.10	12989
57.10	2606
58.10	53
61.10	21
62.10	100
63.10	99
64.10	35
65.10	650
66.10	111
67.10	2595
68.10	4415
69.10	9181
70.15	8975
71.10	435
72.10	39
73.10	85
74.10	18
75.10	56
76.10	26
77.10	548
79.10	273
80.10	20
81.15	998
82.15	8747
83.15	45017
84.10	3055
85.10	184
86.10	13
87.10	14
89.10	8
91.10	78
92.10	3
93.10	2
95.10	26
96.10	184
97.15	1349
98.15	20823
99.10	1712
100.10	25
102.10	45
103.10	54
104.10	12
109.10	17
110.10	6
111.10	24
112.10	35
115.10	61
117.10	9
118.10	23
119.10	10
122.10	6
123.10	6
125.10	6
129.10	56
132.10	31
133.10	3
136.10	31
140.10	51
144.10	14
145.10	8
146.10	27
148.10	31
157.10	5
159.10	21
162.10	42
168.10	7
170.10	33
173.10	17
175.10	23
178.10	4
179.10	7
180.10	35
182.10	16
184.10	21
185.10	32
186.10	13
189.10	1
194.10	39
200.10	37
202.10	10
203.10	2
204.10	5
206.10	15
209.10	50
211.10	18
212.10	31
213.10	18
214.10	44
219.10	23
220.10	11
221.10	20
223.10	49
224.10	14
225.10	42
227.10	6
228.10	21
229.10	6
230.10	38
232.10	12
233.10	2
234.10	59
235.10	12
236.10	32
238.10	14
239.10	9
240.10	1
241.10	18
242.10	1
243.10	22
244.10	30
245.10	24
246.10	70
249.10	57
250.10	46
254.10	58
260.10	31
263.10	20
265.10	7
267.10	3
270.10	3
272.10	9
274.10	9
275.10	19
279.10	1
283.10	1
284.10	6
285.10	34
288.10	10
291.10	22
294.10	50
296.10	27
298.10	9
300.10	25
304.10	6
305.10	30
308.10	2
309.10	17
310.10	14
311.10	6
312.10	32
313.10	29
314.10	1
317.10	1
318.10	21
319.10	5
320.10	11
322.10	13
324.10	47
325.10	5
326.10	34
329.10	36
330.10	23
331.10	9
332.10	19
333.10	15
335.10	16
336.10	31
337.10	2
338.10	31
339.10	54
341.10	22
342.10	27
343.10	42
345.10	4
346.10	26
351.10	31
352.10	16
353.10	65
354.10	1
355.10	44
359.10	8
360.10	78
361.10	43
364.10	6
365.10	19
366.10	22
367.10	16
372.10	53
373.10	27
374.10	22
375.10	5
376.10	24
377.10	10
379.10	23
382.10	15
384.10	24
386.10	44
389.10	28
390.10	17
392.10	23
394.10	24
396.10	1
397.10	23
