m/z	Absolute Intensity
37.00	6
38.00	87
39.10	964
40.05	580
41.10	3391
42.10	1491
43.10	3704
44.05	212
45.10	52
46.10	24
47.10	56
49.10	39
50.10	67
51.10	75
53.10	393
54.10	135
55.05	1496
56.15	1610
57.20	1071
58.10	1412
59.10	61
60.10	28
61.10	48
62.10	86
63.10	25
65.10	119
66.10	18
67.10	529
68.10	2553
69.15	3331
70.10	1621
71.10	45
75.10	15
77.10	15
80.10	49
81.10	72
83.10	193
85.15	476
87.20	40
88.20	11
89.20	27
90.20	8
95.20	1
96.10	13
97.10	19
98.20	397
99.20	70
100.20	352
101.10	34
103.10	48
104.20	23
105.10	29
107.10	79
108.20	24
111.20	2
114.10	12
115.10	19
116.10	12
117.20	1
120.20	51
124.20	29
125.10	68
130.10	35
131.10	11
133.10	54
134.10	2
135.10	40
136.20	12
137.10	26
138.20	10
147.10	36
151.10	28
156.10	57
157.20	17
159.10	1
161.10	29
162.10	14
163.20	2
166.10	13
167.10	29
168.10	1
169.10	18
172.10	15
180.10	18
183.20	3
186.10	31
190.10	33
199.20	14
200.20	16
201.10	1
202.20	14
204.10	5
210.10	26
211.10	6
213.20	24
214.10	34
216.20	11
221.10	57
223.20	4
225.20	17
226.10	15
229.20	9
232.10	15
233.10	2
235.10	11
237.20	7
240.10	40
246.10	4
248.10	31
253.10	32
255.10	4
258.10	15
259.20	7
267.10	39
271.10	3
272.10	32
274.20	12
276.10	12
279.10	31
280.20	4
282.10	1
283.20	1
289.20	3
297.20	12
298.10	22
300.10	32
302.20	9
303.20	40
307.20	24
308.20	38
312.20	28
313.20	50
315.10	7
316.20	16
317.10	28
318.20	31
320.10	84
321.10	10
322.20	5
325.20	48
326.20	17
327.20	28
328.10	27
329.10	25
330.10	20
331.10	34
332.20	19
333.10	20
335.20	6
336.20	17
344.10	46
346.20	43
350.10	13
352.10	37
353.10	36
355.10	32
356.10	2
357.20	21
362.10	9
363.10	6
365.20	28
366.10	24
367.10	38
368.20	18
370.10	8
371.10	36
372.10	2
374.10	25
375.20	75
376.20	8
378.10	33
379.10	14
380.20	24
381.10	36
383.10	40
384.10	53
385.10	28
394.10	41
395.10	13
396.20	5
397.10	22
398.20	6
