m/z	Absolute Intensity
36.10	31
37.10	153
38.15	701
39.10	3720
40.05	1087
41.10	1138
42.10	3102
43.10	454
45.15	1937
46.10	565
47.10	13
48.10	47
49.10	115
50.10	941
51.10	1761
52.10	293
53.10	332
54.10	74
55.10	2204
56.10	146
58.10	45
61.10	434
62.05	713
63.05	2374
64.10	361
65.05	3874
66.10	417
67.10	105
69.10	129
70.10	1623
72.10	58
73.10	145
74.10	271
75.10	137
76.10	24
77.10	272
78.10	50
79.10	94
86.10	203
87.10	108
89.10	1331
90.15	297
91.10	29715
92.10	19922
93.10	1532
94.10	46
95.10	77
98.10	5
99.10	15
100.10	16
105.10	119
106.10	1
107.10	1
109.10	2
113.10	19
114.10	22
116.10	20
118.10	7
119.10	47
120.10	15
121.10	45
122.10	57
123.10	13
124.10	15
127.10	52
128.10	31
129.10	17
131.10	9
133.10	86
135.10	13
138.10	1
139.10	12
141.10	67
142.10	7
144.10	25
148.10	40
149.10	21
157.10	6
162.10	20
170.10	32
173.10	32
174.10	69
175.10	42
176.10	5
177.10	26
182.10	39
187.10	1
190.10	15
191.10	6
193.10	39
195.10	19
198.10	5
200.10	39
201.10	47
203.10	23
204.10	28
207.10	42
208.10	16
209.10	16
210.10	8
211.10	28
213.10	48
216.10	39
217.10	21
218.10	13
219.10	28
224.10	4
225.10	30
228.10	17
229.10	6
231.10	6
232.10	14
234.10	25
237.10	10
241.10	11
245.10	10
250.10	11
252.10	50
253.10	67
256.10	17
257.10	36
259.10	49
262.10	24
267.10	6
268.10	20
269.10	11
270.10	18
273.10	24
276.10	30
278.10	14
279.10	26
282.10	13
283.10	29
286.10	19
287.10	11
294.10	26
295.10	5
297.10	4
298.10	25
299.10	8
300.10	2
306.10	8
309.10	25
310.10	11
312.10	6
314.10	3
316.10	2
319.10	46
320.10	22
322.10	29
323.10	36
324.10	19
327.10	39
329.10	1
332.10	4
333.10	10
337.10	7
340.10	44
344.10	3
345.10	22
346.10	1
347.10	21
348.10	11
357.10	1
366.10	3
369.10	4
371.10	40
372.10	22
375.10	14
377.10	18
378.10	35
379.10	3
380.10	22
383.10	2
386.10	3
388.10	8
397.10	21
