m/z	Absolute Intensity
34.90	79
36.00	38
37.15	482
38.10	1417
39.10	27138
40.10	4516
41.10	89804
42.10	14304
43.10	65611
44.10	113227
45.10	21930
46.10	548
47.10	40
48.10	22
49.10	37
50.00	762
51.05	1154
52.10	269
53.10	3714
54.10	3083
55.10	19577
56.10	104466
57.10	67589
58.10	12279
59.10	1056
60.10	197
61.10	179
62.10	228
63.10	68
64.10	88
65.10	379
66.10	254
67.10	13034
68.05	877
69.10	1421
70.10	1011
71.10	8914
72.10	22525
73.15	1118
74.20	108
75.10	2
77.20	191
78.10	90
79.20	380
80.10	61
81.15	1590
82.10	17742
83.10	1463
85.05	586
86.10	43
87.10	14
88.10	48
89.10	24
91.10	42
93.10	16
94.10	63
97.10	47
98.10	284
99.10	241
100.10	335
101.10	99
103.10	2
105.10	48
107.10	58
108.10	31
109.10	43
110.10	87
111.10	4
114.10	4
115.10	68
117.10	73
119.10	3
120.10	12
121.10	67
122.10	17
123.10	3
124.10	11
125.10	32
126.10	41
127.10	36
128.10	7
129.10	16
130.10	37
132.10	26
133.10	4
136.10	29
137.10	20
138.10	23
140.10	19
141.10	6
143.10	10
146.10	1
147.10	12
151.10	35
154.10	2
156.10	37
159.10	30
160.10	83
162.10	21
164.10	9
168.10	32
169.10	35
170.10	8
171.10	26
172.10	29
173.10	36
177.10	12
179.10	61
183.10	68
186.10	24
188.10	10
189.10	3
191.10	15
194.10	8
195.10	8
197.10	31
198.10	36
200.10	109
202.10	31
203.10	11
204.10	27
206.10	36
207.10	89
208.10	66
210.10	11
211.10	27
212.10	35
213.10	12
214.10	5
216.10	30
220.10	38
221.10	42
222.10	6
223.10	27
224.10	21
227.10	47
228.10	4
231.10	51
232.10	3
233.10	32
235.10	46
236.10	58
238.10	16
239.10	51
242.10	27
243.10	38
244.10	27
245.10	70
247.10	93
248.10	29
250.10	6
253.10	91
254.10	17
255.10	1
259.10	16
260.10	42
261.10	15
262.10	34
269.10	21
271.10	54
272.10	41
275.10	10
277.10	24
278.10	12
279.10	4
281.10	14
282.10	17
284.10	24
285.10	7
289.10	31
295.10	7
306.10	31
308.10	37
310.10	3
311.10	16
320.10	14
322.10	8
323.10	27
325.10	12
326.10	6
327.10	13
328.10	12
333.10	29
334.10	16
338.10	11
339.10	7
340.10	1
344.10	2
346.10	14
348.10	13
350.10	87
351.10	26
352.10	21
353.10	42
354.10	2
355.10	42
356.10	10
357.10	40
358.10	86
361.10	2
362.10	26
366.10	6
367.10	18
368.10	10
371.10	14
372.10	22
374.10	29
375.10	6
378.10	18
379.10	1
381.10	12
383.10	21
385.10	12
391.10	11
393.10	7
395.10	24
396.10	17
