m/z	Absolute Intensity
36.00	14
37.00	94
38.10	585
39.10	3650
41.10	873
42.10	148
43.10	874
45.05	65
47.10	52
48.10	103
49.10	18
50.05	1674
51.10	4936
52.10	1617
53.10	534
54.10	80
57.15	523
61.20	50
62.15	481
63.05	1883
64.10	404
65.10	4914
66.10	299
68.10	20
71.15	392
72.10	5
73.10	111
74.10	481
75.10	372
76.15	452
77.10	4546
78.10	3713
79.10	1905
80.10	116
82.10	68
83.10	46
84.10	254
85.10	208
86.10	155
87.10	96
88.10	33
89.10	933
90.15	629
91.10	53938
92.10	4098
93.10	221
94.10	23
97.10	24
98.10	132
99.10	46
100.10	39
101.10	58
102.10	242
103.10	1818
104.00	667
105.15	2661
106.15	15836
107.10	1368
108.10	105
109.10	58
110.10	17
113.10	67
114.10	77
115.10	22
117.10	10
118.10	5
119.10	54
120.10	4
123.10	19
124.10	77
125.10	19
126.10	94
127.10	53
128.10	33
130.10	18
131.10	8
133.10	6
134.10	12
136.10	41
137.10	51
138.10	7
140.10	8
142.10	15
143.10	30
144.10	4
149.10	12
151.10	18
152.10	41
153.10	55
154.10	86
155.10	7
156.10	5
157.10	21
158.10	34
162.10	31
163.10	20
167.10	58
168.10	5
172.10	18
173.10	15
177.10	35
179.10	3
183.10	40
184.10	45
186.10	8
187.10	7
188.10	33
192.10	24
195.10	28
196.10	14
197.10	56
202.10	4
203.10	4
204.10	1
205.10	57
207.10	119
208.10	44
210.10	9
212.10	30
213.10	40
214.10	13
217.10	27
218.10	16
220.10	1
221.10	69
223.10	42
224.10	25
226.10	31
227.10	1
228.10	15
229.10	38
230.10	23
231.10	41
232.10	21
235.10	12
237.10	11
240.10	9
241.10	19
243.10	18
245.10	14
246.10	21
247.10	3
248.10	13
250.10	11
251.10	21
254.10	1
255.10	49
256.10	13
258.10	41
262.10	30
263.10	20
265.10	13
266.10	32
267.10	36
268.10	35
269.10	27
270.10	44
273.10	22
274.10	15
275.10	28
277.10	7
278.10	12
279.10	30
280.10	9
281.10	14
282.10	1
283.10	53
285.10	21
286.10	26
289.10	21
290.10	10
291.10	41
292.10	44
294.10	9
295.10	10
299.10	8
300.10	13
301.10	11
303.10	26
306.10	22
307.10	35
308.10	37
312.10	36
316.10	25
320.10	15
324.10	28
327.10	55
328.10	53
330.10	32
331.10	15
332.10	28
333.10	5
338.10	11
340.10	63
341.10	70
343.10	22
346.10	21
348.10	9
349.10	43
350.10	20
351.10	19
352.10	15
355.10	31
356.10	30
357.10	39
359.10	37
360.10	6
364.10	15
365.10	55
367.10	4
368.10	63
370.10	27
371.10	35
374.10	11
376.10	49
379.10	26
380.10	21
382.10	24
383.10	12
387.10	29
390.10	32
391.10	9
392.10	23
394.10	15
395.10	18
397.10	14
398.10	3
399.10	29
