m/z	Absolute Intensity
35.00	19
36.00	10
37.00	244
38.10	588
39.10	4953
40.10	297
41.10	302
42.10	115
43.10	41
44.10	5
49.10	83
50.10	1105
51.05	5006
52.10	2814
53.10	1239
54.10	97
59.10	7
60.10	44
61.10	234
62.10	802
63.10	2527
64.15	522
65.10	3102
66.10	579
68.10	34
70.10	254
74.10	613
75.10	334
76.10	445
77.10	6260
78.10	3158
79.10	4229
80.10	230
81.10	50
82.10	64
84.10	14
85.10	243
86.10	32
87.10	12
88.10	57
89.10	1368
90.10	276
91.10	51071
92.10	3648
93.10	275
98.10	69
100.10	25
101.10	68
102.15	551
103.10	2807
104.10	949
105.15	9328
106.15	24181
107.15	1820
108.20	101
112.20	6
114.20	32
116.20	22
117.20	3
122.20	22
123.20	70
124.20	23
127.20	29
129.20	8
130.20	25
132.20	18
136.20	38
140.20	40
145.20	9
146.20	16
148.20	13
151.20	50
152.20	53
156.20	22
158.20	25
160.20	23
172.20	29
173.20	12
174.20	15
175.20	11
177.20	32
178.20	14
180.20	19
182.20	1
183.20	6
184.20	8
188.20	22
190.20	20
191.20	5
194.20	22
196.20	4
197.20	24
198.20	1
202.20	10
208.20	9
210.20	16
212.20	43
213.20	28
214.20	14
216.20	15
217.20	37
220.20	20
222.20	30
224.20	4
225.20	26
226.20	2
227.20	30
228.20	38
230.20	56
231.20	16
232.20	34
236.20	44
238.20	2
241.20	12
242.20	2
244.20	11
245.20	15
247.20	20
248.20	7
252.20	10
253.20	6
255.20	27
259.20	15
261.20	23
271.20	25
273.20	26
274.20	11
275.20	13
277.20	21
279.20	2
282.20	29
285.20	33
286.20	2
288.20	6
289.20	42
290.20	2
296.20	4
297.20	6
299.20	11
300.20	26
301.20	19
303.20	7
305.20	6
307.20	29
308.20	3
310.20	27
312.20	38
315.20	8
316.20	37
317.20	15
319.20	30
320.20	5
322.20	39
323.20	18
326.20	24
331.20	11
333.20	33
334.20	29
335.20	4
336.20	11
338.20	16
340.20	1
343.20	7
346.20	8
349.20	20
350.20	27
351.20	2
353.20	1
356.20	7
357.20	2
358.20	54
359.20	4
360.20	12
361.20	22
362.20	15
363.20	17
364.20	35
366.20	35
369.20	23
370.20	4
372.20	8
374.20	26
375.20	2
378.20	15
380.20	33
381.20	8
383.20	38
384.20	20
385.20	17
388.20	21
389.20	50
390.20	56
392.20	29
393.20	11
394.20	4
395.20	69
397.20	9
