m/z	Absolute Intensity
35.00	62
37.00	59
38.15	646
39.10	10553
40.10	1602
41.10	15135
42.10	1374
43.15	6755
44.10	231
45.10	1365
46.10	94
47.10	8
49.10	21
50.05	701
51.10	3193
52.10	1577
53.10	6207
54.10	845
55.10	5625
56.10	866
57.10	1848
58.15	761
59.10	520
61.10	70
62.10	255
63.10	1207
64.10	154
65.10	4454
66.10	902
67.10	7525
68.10	3448
69.15	973
70.10	272
71.20	64
72.10	52
74.10	78
75.20	346
76.10	206
77.10	20937
78.10	3260
79.10	18697
80.10	8356
81.15	2872
82.10	556
83.10	175
84.10	14
86.10	195
87.15	645
88.10	43
89.10	330
90.10	149
91.10	35854
92.10	34790
93.15	88067
94.15	8017
95.15	1040
96.10	64
99.10	25
101.10	52
102.10	142
103.10	1623
104.10	395
105.10	7659
106.15	1535
107.15	3618
108.15	888
109.10	221
112.10	25
115.20	358
116.10	71
117.10	212
119.10	1449
120.20	257
121.20	8432
122.20	798
123.20	125
124.20	59
125.20	31
126.20	31
127.20	75
128.20	58
129.20	9
130.20	37
132.20	14
133.20	71
134.20	164
135.20	61
136.20	7023
137.25	806
138.20	50
139.20	46
140.20	31
142.20	4
143.20	8
146.20	52
149.20	43
150.20	22
152.20	11
153.20	17
154.20	46
156.20	36
157.20	2
160.20	10
161.20	20
162.20	23
163.20	7
165.20	10
166.20	5
170.20	32
171.20	5
172.20	33
173.20	64
174.20	75
175.20	59
176.20	42
178.20	2
180.20	4
181.20	22
185.20	18
189.20	44
190.20	10
191.20	3
195.20	2
196.20	6
197.20	25
199.20	14
204.20	50
205.20	14
208.20	4
211.20	10
212.20	35
216.20	8
217.20	10
218.20	30
219.20	6
221.20	21
223.20	2
226.20	9
227.20	39
229.20	28
231.20	5
232.20	1
233.20	56
239.20	31
240.20	9
242.20	31
243.20	20
244.20	42
245.20	7
246.20	2
249.20	17
250.20	17
252.20	10
253.20	4
254.20	23
255.20	11
257.20	33
258.20	8
259.20	20
262.20	9
264.20	14
265.20	15
269.20	4
277.20	46
278.20	25
281.20	31
285.20	41
290.20	44
292.20	44
293.20	1
294.20	4
297.20	18
298.20	55
299.20	12
300.20	2
302.20	24
303.20	27
306.20	17
308.20	2
309.20	10
311.20	6
312.20	28
313.20	54
314.20	32
315.20	28
317.20	18
321.20	19
324.20	2
325.20	8
326.20	26
327.20	5
328.20	13
329.20	16
331.20	17
332.20	4
334.20	16
337.20	21
338.20	8
339.20	11
340.20	3
342.20	21
343.20	54
344.20	36
347.20	17
348.20	14
349.20	12
351.20	39
352.20	46
356.20	43
357.20	44
359.20	55
360.20	11
362.20	7
365.20	42
367.20	41
368.20	6
369.20	45
371.20	4
372.20	17
373.20	45
375.20	33
380.20	12
381.20	14
382.20	19
383.20	19
385.20	31
386.20	18
388.20	19
389.20	25
390.20	23
393.20	56
394.20	16
395.20	25
396.20	30
397.20	39
398.20	14
399.20	4
