m/z	Absolute Intensity
35.00	1
37.00	86
38.00	101
39.10	4985
40.10	594
41.10	17667
42.15	2927
43.15	5801
45.00	76
46.00	55
49.00	17
50.00	300
51.10	1100
52.10	610
53.10	2395
54.10	1091
55.10	6660
56.15	6449
57.10	3795
58.10	315
59.10	94
60.10	58
61.10	48
62.10	44
63.10	327
64.00	14
64.95	1150
66.05	536
67.10	3201
68.10	1257
69.15	12439
70.15	4550
71.10	659
72.10	2
73.10	96
75.10	19
76.10	183
77.10	5067
78.10	725
79.10	5312
80.10	3296
81.10	1420
82.10	968
83.15	2160
84.05	1137
85.20	253
87.20	104
88.10	51
89.10	67
90.10	7
91.10	6428
92.10	2642
93.10	24602
94.15	3420
95.10	323
96.10	350
97.15	1380
98.20	455
101.20	74
102.20	51
103.20	182
104.20	65
105.10	353
106.20	208
107.15	1038
108.10	359
109.10	57
110.10	110
111.25	585
112.20	284
113.20	61
115.20	157
116.20	25
117.20	142
118.10	104
119.10	50
121.15	2437
122.20	198
123.20	47
124.20	44
125.20	17
132.20	17
135.20	90
136.15	2084
137.20	328
138.20	12
140.20	133
141.20	44
142.20	47
145.10	3
148.20	9
149.20	35
153.20	15
154.10	4
157.20	61
159.20	26
160.20	18
162.10	43
164.20	86
165.20	15
166.20	47
167.20	8
170.20	17
171.20	24
173.20	52
175.20	23
176.20	39
177.20	17
181.20	50
183.20	15
184.20	41
185.20	28
187.10	37
188.20	18
189.10	22
190.20	6
191.10	3
195.10	90
197.10	41
199.10	30
201.20	34
202.10	6
204.20	44
206.20	29
208.20	12
209.20	25
212.10	6
213.10	11
217.20	17
218.20	14
219.20	2
220.20	42
221.20	9
222.20	23
223.10	49
224.10	23
225.20	6
226.20	22
227.20	27
228.20	33
229.20	33
230.10	57
231.10	40
232.20	18
233.10	1
234.10	25
236.10	34
238.10	25
240.10	31
242.10	29
246.20	64
250.20	30
254.20	5
255.10	22
256.20	20
258.20	18
259.20	3
260.20	31
261.10	1
265.20	52
267.20	3
268.20	15
269.20	12
270.20	6
271.10	16
272.20	13
276.20	9
278.20	39
284.20	39
285.10	52
286.20	8
289.20	31
291.10	18
294.10	12
295.20	61
296.20	3
298.20	16
299.20	21
302.20	11
304.20	50
305.20	30
306.20	50
308.20	22
309.20	31
310.20	10
311.20	6
312.20	35
313.20	15
316.20	30
318.20	17
319.20	30
320.20	29
322.20	6
323.10	13
325.20	9
326.20	26
327.10	10
328.20	35
329.20	69
330.10	17
332.20	34
333.20	32
335.10	32
336.20	41
339.10	61
342.20	19
343.20	62
344.20	84
346.10	54
349.10	9
350.10	7
352.10	42
353.20	60
354.20	24
357.20	21
358.10	21
360.20	5
362.10	14
369.20	48
370.20	17
372.20	55
373.20	23
377.20	6
379.20	19
382.20	27
383.10	8
390.20	17
391.10	27
392.20	19
393.10	38
394.20	60
395.20	9
397.20	41
