m/z	Absolute Intensity
36.00	15
38.00	46
39.10	1407
40.05	338
41.10	5023
42.10	2259
43.10	7391
44.10	3907
45.10	1276
46.10	61
47.10	34
49.10	61
50.10	35
51.10	204
52.10	71
53.10	462
54.15	559
55.10	2583
56.15	3729
57.10	4247
58.10	215
59.10	296
60.10	128
61.10	29
65.10	240
66.10	197
67.10	1187
68.15	1279
69.10	1902
70.10	504
71.15	1055
72.15	493
73.20	97
74.10	31
75.20	26
77.10	100
78.20	64
79.10	219
80.20	39
81.05	588
82.20	1215
83.10	180
84.10	2336
85.15	1491
86.20	88
88.20	54
89.20	103
90.20	14
91.20	166
92.20	23
93.20	102
94.20	51
95.20	254
97.20	22
98.20	154
99.20	362
100.20	339
103.20	89
104.10	157
105.15	1352
106.10	6
107.10	45
108.10	50
109.10	23
110.10	101
111.10	1
113.10	202
116.10	13
119.10	57
120.10	722
121.10	72
124.10	22
125.10	24
126.10	68
127.10	39
128.10	18
129.10	24
134.10	28
135.10	18
136.10	33
137.10	10
138.10	16
139.10	20
142.10	65
145.10	16
147.10	19
150.10	10
154.10	84
156.10	12
157.10	16
159.10	19
160.10	34
161.10	102
164.10	34
165.10	8
169.10	4
170.10	26
174.10	50
178.10	10
179.10	15
181.10	42
183.10	8
189.10	49
191.10	12
192.10	19
193.10	25
196.10	6
199.10	6
200.10	18
201.10	11
203.10	54
205.10	97
209.10	45
215.10	9
216.10	53
217.10	19
219.10	35
220.10	7
223.10	23
224.10	31
225.10	14
226.10	10
229.10	18
231.10	9
232.10	13
233.10	6
235.10	35
236.10	66
237.10	6
240.10	34
245.10	25
246.10	3
247.10	28
249.10	55
250.10	16
251.10	34
258.10	1
262.10	15
263.10	32
266.10	6
269.10	27
271.10	19
273.10	16
276.10	17
283.10	7
289.10	9
292.10	7
293.10	29
295.10	27
296.10	15
297.10	34
300.10	3
302.10	15
303.10	9
308.10	59
309.10	1
314.10	43
317.10	16
318.10	15
319.10	17
320.10	6
332.10	12
335.10	22
340.10	21
341.10	28
345.10	8
347.10	5
348.10	16
357.10	18
363.10	14
364.10	47
367.10	11
368.10	30
369.10	5
370.10	29
374.10	23
376.10	16
377.10	44
382.10	13
384.10	15
387.10	26
388.10	15
391.10	3
393.10	33
396.10	22
398.10	58
