m/z	Absolute Intensity
36.00	10
37.00	49
38.00	247
39.10	4249
40.10	1195
41.10	5548
42.15	307
43.10	4360
44.10	394
46.10	99
48.00	17
50.00	238
51.05	1501
52.15	650
53.15	2502
54.10	395
55.10	1507
58.05	331
59.10	182
60.00	74
61.00	21
62.10	63
63.00	384
64.00	134
65.10	1972
66.10	458
67.10	3147
68.15	559
69.10	357
70.10	45
71.10	118
72.10	144
73.10	7
74.10	56
75.10	11
76.10	19
77.10	9158
78.10	1114
79.10	9315
80.10	7067
81.10	1293
82.10	101
84.10	139
85.10	74
86.10	19
88.10	27
89.10	85
90.10	43
91.10	13959
92.10	9228
93.15	29960
94.15	3507
95.10	414
96.10	31
98.10	62
100.10	18
102.10	60
103.10	732
104.10	209
105.15	4292
106.10	479
107.15	1913
108.10	476
109.20	119
112.10	42
113.20	45
115.10	341
117.20	369
118.10	72
119.20	1441
120.20	229
121.15	4482
122.15	692
123.10	19
124.20	14
126.10	18
127.10	26
128.10	7
129.20	4
130.20	1
131.20	33
132.10	45
133.20	75
134.20	256
135.20	30
136.25	4589
137.20	562
139.20	32
140.20	46
141.20	16
142.20	13
144.20	7
145.20	38
147.20	19
148.20	11
150.20	1
153.20	5
156.20	15
158.20	32
163.20	8
164.20	7
172.20	8
173.20	37
177.20	13
180.20	7
181.20	11
182.20	19
183.20	6
189.20	1
194.20	18
197.20	6
199.20	22
200.20	25
202.20	28
203.20	51
204.20	22
205.20	18
206.20	29
207.20	27
208.20	4
210.20	16
217.20	19
219.20	3
220.20	23
221.20	20
222.20	26
223.20	59
224.20	9
226.20	18
227.20	2
228.20	23
229.20	7
230.20	4
233.20	56
235.20	11
236.20	5
237.20	28
238.20	22
241.20	35
243.20	50
245.20	33
246.20	14
247.20	11
248.20	4
249.20	7
250.20	15
252.20	26
253.20	20
258.20	19
260.20	39
262.20	15
264.20	26
265.20	12
266.20	13
267.20	8
268.20	16
269.20	40
272.20	2
274.20	33
278.20	19
280.20	7
282.20	11
284.20	41
289.20	6
290.20	43
292.20	39
294.20	5
295.20	15
296.20	42
297.20	22
298.20	16
299.20	15
302.20	6
303.20	26
305.20	45
307.20	19
310.20	28
311.20	13
316.20	53
317.20	4
318.20	30
322.20	22
323.20	9
325.20	8
326.20	10
327.20	18
328.20	25
330.20	36
334.20	43
335.20	3
336.20	42
337.20	1
343.20	45
344.20	23
345.20	6
347.20	7
349.20	29
351.20	7
352.20	20
354.20	31
357.20	8
359.20	18
360.20	22
362.20	15
363.20	18
365.20	31
368.20	41
369.20	38
371.20	57
375.20	34
376.20	25
377.20	8
379.20	20
380.20	17
386.20	35
393.20	4
