m/z	Absolute Intensity
35.00	1
38.00	79
39.10	2203
40.10	372
41.10	13255
42.10	2414
43.10	12648
44.05	194
45.10	435
46.10	9
50.10	105
51.10	90
52.10	12
53.10	704
54.10	719
55.10	10154
56.15	8217
57.15	40743
58.15	1215
59.15	402
61.10	5
64.10	15
65.10	35
66.10	56
67.15	441
68.10	469
69.10	3392
70.10	7823
71.15	1524
72.10	1566
73.10	212
77.10	136
78.10	34
79.10	202
81.10	208
82.10	1543
83.15	7345
84.15	3104
85.10	305
92.10	37
93.10	17
94.10	64
96.10	99
97.20	556
98.15	1926
99.20	337
100.10	66
101.20	58
106.20	29
110.20	99
111.10	40
112.15	641
113.20	43
127.20	1
129.20	75
130.20	41
132.20	47
133.10	14
140.20	35
141.10	49
143.20	19
145.20	5
147.20	3
150.20	29
152.20	39
154.20	30
157.10	4
159.10	11
161.20	3
164.10	14
168.10	13
172.20	24
173.20	4
175.10	16
178.20	10
181.10	28
183.10	14
184.20	40
186.20	65
188.20	15
189.20	9
190.10	16
191.20	13
196.20	14
200.20	36
201.20	22
204.10	25
205.10	4
212.20	56
213.20	51
214.20	27
220.10	8
222.20	2
223.20	45
224.10	25
227.20	27
228.20	34
229.10	3
231.20	19
233.10	35
234.20	8
235.10	17
236.10	2
243.20	15
246.20	14
250.10	7
255.10	7
257.20	2
259.10	3
264.20	33
265.20	36
266.10	6
267.10	9
268.10	1
273.20	32
274.20	22
276.20	23
278.20	20
281.20	50
285.10	24
286.10	8
288.10	23
289.10	18
293.20	19
295.10	6
298.20	26
305.20	6
306.20	4
307.20	25
309.20	49
310.20	12
311.10	40
314.10	10
315.20	13
318.20	9
322.10	42
323.10	8
324.10	19
328.10	14
329.10	22
332.20	7
333.20	21
336.20	19
338.20	34
339.20	37
342.10	25
343.20	20
348.20	9
349.20	31
352.20	5
355.10	7
358.20	26
359.20	22
362.20	10
363.20	6
365.10	8
366.20	33
367.20	16
372.20	24
373.20	45
375.10	11
377.20	21
379.20	16
383.10	39
384.20	11
386.20	33
388.10	4
389.10	29
394.20	20
397.20	18
