m/z	Absolute Intensity
36.00	14
37.00	2
38.00	88
39.10	3949
40.10	1435
41.15	3926
42.15	655
43.10	444
44.05	146
47.10	14
48.10	34
50.10	291
51.10	1258
52.10	678
53.15	4145
54.10	203
55.10	978
58.10	67
59.20	39
62.10	44
63.10	202
64.10	89
65.10	1633
66.10	537
67.15	13969
68.10	19166
69.15	1532
72.20	27
75.20	4
77.10	2631
78.10	929
79.10	5942
80.15	2101
81.10	2149
82.10	276
83.10	119
85.10	12
88.10	25
90.10	8
91.10	2630
92.10	4940
93.15	13471
94.15	6054
95.15	2082
96.20	111
98.20	110
101.10	27
102.10	53
103.20	64
104.10	53
105.15	932
106.10	301
107.15	3713
108.15	934
109.20	150
111.20	41
112.20	128
114.20	33
116.20	23
119.20	178
121.20	3192
122.20	267
124.20	160
125.20	30
126.20	34
129.20	73
131.20	38
132.20	104
133.20	21
134.20	42
135.20	54
136.20	3444
137.20	457
141.20	10
142.20	45
143.20	44
149.20	43
152.20	11
155.20	35
156.20	49
159.20	7
160.20	6
163.20	24
164.20	36
165.20	16
166.20	8
168.20	30
169.20	16
173.20	2
175.20	16
176.20	5
180.20	22
181.20	35
182.20	62
184.20	8
185.20	30
188.20	28
192.20	49
194.20	14
200.20	24
205.20	11
206.20	33
208.20	16
210.20	43
211.20	9
212.20	32
213.20	2
214.20	11
217.20	14
218.20	29
219.20	2
220.20	3
221.20	18
222.20	7
223.20	43
228.20	16
234.20	22
235.20	26
236.20	30
239.20	3
241.20	4
245.20	27
247.20	8
248.20	16
249.20	41
250.20	7
251.20	28
253.20	20
254.20	21
256.20	21
259.20	21
260.20	33
261.20	6
262.20	32
263.20	17
265.20	53
267.20	19
268.20	20
269.20	26
271.20	6
275.20	16
276.20	6
280.20	18
281.20	51
283.20	13
284.20	12
293.20	35
300.20	13
303.20	14
305.20	4
311.20	15
313.20	13
314.20	5
317.20	9
322.20	46
324.20	14
325.20	7
326.20	25
329.20	6
332.20	11
337.20	35
339.20	8
340.20	22
341.20	20
342.20	24
343.20	17
344.20	42
345.20	5
346.20	15
350.20	12
351.20	22
352.20	23
353.20	40
356.20	12
360.20	43
361.20	6
362.20	56
364.20	36
365.20	29
367.20	6
376.20	21
380.20	11
382.20	29
384.20	28
385.20	22
387.20	22
390.20	55
392.20	14
393.20	3
395.20	11
397.20	3
