m/z	Absolute Intensity
35.00	33
36.00	4
37.00	18
38.00	78
39.10	893
40.05	11
41.10	895
42.15	64
43.10	13011
44.05	459
45.10	193
46.10	120
47.10	18
48.10	8
50.10	428
51.10	1797
52.15	471
53.10	251
54.10	22
55.15	97
57.15	534
58.10	34
59.05	444
60.10	79
60.60	213
62.10	78
63.10	267
65.10	246
66.10	44
67.10	133
71.05	532
74.10	123
75.10	183
76.10	158
77.10	1962
78.05	1549
81.10	112
82.00	12
83.10	268
86.00	52
87.00	72
88.00	15
89.10	145
91.10	1292
93.10	100
94.10	34
95.10	120
97.10	85
98.10	17
100.10	17
101.10	21
102.10	100
103.10	1036
104.10	76
105.15	142
106.10	116
107.10	5
108.10	42
109.10	5
111.10	46
112.20	87
113.10	32
115.15	404
116.10	125
117.15	1629
118.15	2338
119.10	474
120.10	310
121.15	7081
122.15	533
126.20	5
127.10	30
130.10	91
134.10	46
136.15	494
139.20	3
141.20	7
144.20	24
145.20	46
148.20	31
155.20	9
156.20	50
157.20	19
158.20	36
160.20	47
161.20	23
162.20	56
166.20	59
167.20	16
168.20	8
169.20	1
171.20	28
174.20	36
175.20	93
176.20	20
177.20	29
178.20	22
181.20	1
182.20	8
185.20	54
186.20	24
190.20	27
195.20	32
196.20	2
198.20	46
199.20	61
200.20	3
203.20	66
205.20	3
207.20	68
208.20	41
209.20	17
210.20	36
214.20	9
217.20	1
218.20	8
219.20	71
221.20	10
222.20	1
223.20	66
224.20	72
227.20	1
230.20	46
233.20	7
235.20	51
238.20	36
242.20	11
245.20	10
246.20	11
247.20	23
250.20	6
252.20	47
253.20	21
254.20	33
255.20	29
259.20	3
263.20	20
266.20	63
267.20	28
268.20	12
271.20	8
273.20	43
274.20	32
276.20	34
277.20	27
278.20	18
280.20	17
281.20	8
288.20	16
299.20	24
302.20	6
305.20	32
306.20	12
308.20	8
309.20	6
311.20	11
314.20	21
315.20	38
318.20	35
321.20	45
324.20	20
325.20	39
328.20	5
330.20	14
331.20	51
332.20	31
334.20	12
335.20	46
336.20	24
345.20	39
346.20	11
351.20	24
352.20	63
353.20	8
354.20	40
357.20	11
358.20	7
359.20	17
361.20	39
362.20	24
363.20	30
366.20	19
370.20	25
372.20	1
373.20	33
374.20	18
375.20	32
376.20	28
377.20	29
381.20	4
383.20	7
385.20	50
386.20	16
387.20	43
388.20	12
390.20	55
391.20	73
393.20	1
395.20	44
396.20	27
397.20	4
