m/z	Absolute Intensity
38.00	13
40.10	120
42.10	130
43.10	461
44.05	163
45.10	5951
46.10	464
47.10	234
48.10	80
49.10	12
50.10	49
51.10	68
52.10	76
54.10	49
55.15	131
56.10	82
57.10	318
58.10	139
59.10	4293
60.10	267
61.10	91
64.10	76
65.10	103
70.10	208
71.10	509
72.10	108
73.10	107956
74.15	8636
75.10	4352
76.10	123
78.10	94
82.10	56
83.10	57
84.10	106
85.10	659
87.10	655
88.10	29
89.10	104
90.10	100
91.10	1182
92.15	939
94.10	42
96.10	149
97.10	164
99.10	236
100.10	59
102.10	184
103.10	181
104.10	198
108.40	283
108.60	193
110.50	16
111.40	47
112.50	92
112.60	28
114.40	58
117.50	27
118.10	147
119.15	385
119.60	20
121.10	32
122.20	291
124.20	18
125.10	266
126.10	194
127.60	2
130.20	19
132.10	113
133.10	442
134.10	161
135.10	57
135.60	42
137.10	27
138.10	1
139.10	142
139.60	42
141.10	220
141.60	47
143.60	15
145.10	62
147.10	252
147.60	69
149.10	72
149.60	10
154.05	1407
155.05	618
156.10	160
157.10	19
158.10	44
161.10	45
162.00	992
163.10	454
164.00	3
165.10	374
166.10	64
170.00	392
171.00	131
172.10	33
175.00	113
176.00	45
177.00	362
178.00	122
178.90	698
179.90	156
180.90	191
184.90	35
185.90	33
186.90	1
187.90	12
188.90	22
189.90	87
190.95	1465
192.00	306
192.95	1714
194.00	138
195.00	85
197.00	6
198.00	24
202.00	33
203.00	254
204.00	121
205.05	694
206.00	94
206.90	1022
207.90	305
208.90	141
209.90	26
212.90	10
214.90	47
216.90	20
217.90	10
218.90	52
220.90	188
222.90	740
223.90	149
224.90	41
227.90	38
229.90	18
231.90	23
232.90	76
233.90	59
234.90	361
235.90	91
236.90	526
237.90	73
238.90	25
243.90	8
246.90	31
247.90	8
249.00	1517
249.85	544
250.95	1767
251.90	766
252.95	689
253.90	221
254.90	113
256.00	1
257.90	7
258.90	5
260.90	15
261.90	36
262.90	184
263.90	90
264.90	572
266.00	110
266.95	27485
268.00	7152
268.95	4712
269.95	693
271.00	203
272.00	70
274.90	32
275.90	66
278.00	10
279.00	84
281.00	279
282.00	99
283.00	62
284.00	22
285.00	26
288.90	25
290.00	25
290.90	16
292.00	37
293.00	166
294.00	18
295.00	54
296.00	24
297.00	39
298.00	15
303.00	25
303.90	17
304.90	43
307.00	42
309.00	178
310.00	52
311.00	25
312.00	37
313.00	31
314.00	18
314.90	16
316.00	12
318.00	47
319.90	1
320.90	14
322.00	26
322.90	810
323.90	404
324.90	519
325.90	167
326.90	89
333.90	17
335.90	9
336.90	24
338.95	978
339.90	411
340.90	400
341.90	104
342.90	68
343.90	23
345.90	39
346.90	17
350.90	34
351.90	8
354.00	63
354.95	24220
355.95	7801
357.00	5943
357.90	1580
358.90	320
360.00	84
360.90	28
363.00	21
364.00	3
364.90	11
367.90	6
368.90	4
371.00	20
373.00	64
374.00	50
376.00	13
377.00	51
378.00	52
378.90	13
381.00	26
381.90	1
383.00	8
388.00	48
389.90	59
392.00	57
392.90	40
395.90	13
398.00	1
