m/z	Absolute Intensity
36.00	15
38.00	19
39.10	1320
40.05	82
41.10	7495
42.10	2217
43.10	8925
44.05	228
47.10	63
49.10	49
50.10	42
51.10	25
52.10	23
53.10	486
54.15	1399
55.10	7627
56.10	6760
57.15	5057
58.15	496
61.00	40
62.00	112
66.10	80
67.10	1333
68.15	1023
69.15	7356
70.15	5372
71.15	1969
72.20	154
76.20	19
77.10	76
78.10	107
79.10	215
80.20	53
81.20	244
82.15	1509
83.15	4802
84.15	3021
85.15	863
88.10	41
90.10	50
92.15	140
94.20	38
95.10	390
96.15	494
97.15	3499
98.15	1307
99.20	177
101.20	158
107.20	27
108.20	116
109.20	162
110.20	193
111.20	1233
112.20	366
115.20	76
117.20	2
121.20	169
122.20	127
124.20	165
125.20	381
126.20	216
127.20	73
128.20	75
129.20	57
130.20	15
131.20	44
133.20	28
134.20	18
137.20	2
138.20	118
139.20	139
140.20	63
142.20	33
147.20	13
149.10	30
152.10	23
156.10	18
162.10	57
164.10	43
168.10	106
171.10	53
173.10	10
179.10	13
181.10	23
183.10	15
188.10	35
189.10	26
192.10	16
193.10	3
195.10	37
198.10	8
200.10	11
202.10	5
205.10	4
206.10	8
207.10	7
208.10	4
213.10	1
215.10	25
220.10	27
221.10	16
223.10	21
225.10	37
226.10	55
229.10	21
231.10	15
233.10	21
234.10	58
236.10	11
240.10	25
241.10	12
245.10	35
246.10	78
248.10	16
250.10	14
252.10	16
253.10	46
254.10	1
256.10	14
257.10	10
259.10	40
261.10	16
264.10	20
265.10	88
266.10	47
267.10	58
271.10	11
272.10	24
274.10	18
276.10	3
279.10	38
280.10	7
284.10	8
287.10	36
288.10	12
289.10	43
292.10	15
293.10	6
295.10	6
300.10	7
304.10	37
306.10	14
309.10	28
310.10	40
311.10	40
313.10	5
316.10	2
318.10	7
319.10	29
322.10	41
324.10	7
325.10	12
327.10	39
328.10	5
329.10	38
330.10	18
332.10	4
333.10	27
336.10	55
339.10	44
340.10	4
341.10	64
343.10	11
345.10	39
348.10	12
349.10	25
350.10	18
351.10	25
355.10	6
359.10	72
360.10	24
361.10	2
364.10	4
370.10	38
374.10	6
377.10	18
379.10	46
380.10	45
382.10	6
389.10	20
391.10	15
393.10	10
394.10	19
395.10	3
397.10	42
398.10	6
