m/z	Absolute Intensity
35.00	54
36.00	30
39.10	239
41.10	1651
42.15	324
43.15	3170
44.10	162
46.10	17
51.10	237
53.10	184
54.10	158
55.15	1773
56.10	1273
57.15	3089
58.10	107
59.10	210
60.05	255
63.10	82
65.10	294
66.10	47
67.10	385
68.10	27
69.10	937
70.15	1105
71.15	2103
72.20	76
73.15	124
75.20	52
76.10	73
77.20	157
79.05	390
80.10	41
81.10	69
82.10	45
83.10	498
84.10	1093
85.10	1161
86.10	362
88.10	16
91.10	70
93.10	131
94.10	63
96.10	115
97.15	694
98.20	497
99.20	110
102.20	45
105.20	137
106.20	279
107.20	171
108.20	160
109.20	19
110.20	140
111.20	257
112.20	71
114.10	9
115.20	75
116.10	54
117.20	48
119.10	56
120.20	91
121.20	162
125.20	62
126.20	136
127.20	51
128.20	304
129.20	70
131.20	54
134.20	24
135.20	35
136.10	5
137.20	18
138.20	18
140.10	190
141.10	34
145.10	25
147.20	36
149.20	22
152.20	3
153.10	3
154.20	5
156.20	39
160.10	25
161.10	18
162.20	24
163.10	3
164.20	3
167.10	10
170.10	22
173.20	62
175.20	29
176.20	33
178.20	13
179.20	25
181.20	27
185.20	63
187.10	36
189.10	52
192.20	31
195.20	5
200.20	27
202.10	3
205.10	33
206.20	45
208.10	1
210.10	35
215.20	28
217.20	34
219.20	22
221.20	2
223.20	44
225.20	60
227.20	40
228.20	51
230.20	21
233.10	26
234.20	17
237.10	12
241.20	7
244.20	28
245.20	58
248.20	3
252.20	29
253.20	25
254.20	80
256.10	1
258.20	13
259.10	14
260.20	25
261.20	20
263.10	17
265.20	22
266.20	68
268.10	26
269.10	20
272.20	12
273.20	19
274.10	6
275.10	2
277.10	66
279.10	38
280.20	5
281.10	23
285.10	14
287.20	21
289.20	9
290.10	11
294.10	40
298.20	36
300.20	33
303.20	19
304.20	4
305.20	11
307.20	33
309.20	89
310.20	7
311.20	22
314.20	23
315.10	13
316.20	1
319.20	43
320.20	5
322.10	16
323.10	44
324.20	34
326.10	11
327.10	23
328.10	17
334.10	34
337.20	28
338.20	2
339.10	10
340.20	42
342.20	10
343.20	47
344.20	39
345.20	15
350.20	46
351.20	4
356.20	17
358.20	35
361.10	45
362.10	11
363.20	13
364.20	5
367.20	20
368.20	61
369.20	37
371.20	19
373.20	31
377.20	54
379.20	28
380.20	28
388.20	47
389.20	35
393.10	33
398.20	6
399.20	22
