m/z	Absolute Intensity
35.00	30
36.00	14
37.00	70
38.00	56
39.00	222
40.00	50
41.10	2112
42.10	311
43.10	3024
46.10	27
47.10	41
48.10	57
49.10	26
50.10	12
51.10	126
52.10	61
53.10	26
54.10	154
55.15	1659
56.10	1039
57.15	2985
58.10	307
59.10	44
60.10	67
61.20	14
63.10	80
65.10	68
66.10	143
68.10	131
69.15	1157
70.10	472
71.15	1392
72.10	63
73.10	258
74.10	14
75.10	15
76.10	51
77.10	217
81.10	154
82.10	70
83.10	504
84.10	175
85.20	642
88.20	43
90.10	16
91.05	2694
93.15	803
94.10	35
95.10	102
96.10	51
97.15	219
98.20	175
99.20	165
104.10	82
105.10	387
107.10	112
111.20	2
112.10	94
113.10	62
114.20	56
116.10	8
118.20	15
119.10	98
120.20	3
121.10	1
122.10	29
125.20	22
126.10	41
127.20	145
128.10	59
130.10	36
131.20	61
133.10	10
134.20	33
135.20	5
139.20	32
140.10	53
141.20	48
142.10	6
143.10	20
144.10	2
146.10	26
147.20	41
148.10	51
149.10	20
150.20	30
151.10	71
153.20	10
154.10	32
155.10	54
162.10	13
164.20	7
165.10	45
166.20	34
167.20	8
169.20	122
170.20	18
172.10	35
173.10	19
175.20	3
178.20	9
179.10	55
181.20	20
182.20	33
184.20	2
186.10	9
187.20	2
189.20	47
190.20	27
192.20	15
193.20	26
196.20	5
198.20	67
199.10	5
203.10	30
206.10	35
207.10	66
208.20	29
209.10	95
210.10	31
211.10	17
214.20	16
215.10	39
221.20	68
225.10	21
226.20	37
233.20	27
235.20	12
236.10	18
240.10	39
241.20	9
242.10	22
243.10	40
244.20	28
245.10	18
246.10	20
247.10	35
249.10	2
251.10	1
252.10	20
253.10	15
256.20	7
257.10	1
258.10	21
259.10	4
261.20	48
262.10	37
264.20	6
265.10	51
267.10	37
268.10	33
272.10	43
273.10	24
277.10	2
279.10	17
281.10	67
283.10	13
286.20	27
289.10	40
291.10	12
293.10	18
294.20	24
295.20	24
296.20	29
297.10	13
300.10	17
301.20	10
302.20	22
303.10	5
304.10	33
305.10	4
308.20	40
309.10	5
311.10	31
313.10	2
314.10	24
317.20	35
319.20	25
320.10	18
322.10	48
323.10	1
324.20	14
325.20	15
327.10	48
329.10	25
334.20	1
336.10	10
337.10	76
344.10	13
345.20	31
346.10	1
347.20	47
348.10	19
351.20	18
353.10	49
356.10	42
357.10	10
358.10	31
359.10	28
360.10	31
361.20	40
362.20	50
364.10	58
366.10	50
367.20	23
368.10	61
369.10	2
372.10	8
373.10	41
375.10	44
377.20	8
379.10	48
381.10	33
382.10	6
385.10	15
386.10	21
387.10	21
388.10	19
390.20	40
391.10	46
394.10	29
397.10	12
