m/z	Absolute Intensity
38.00	17
39.05	726
40.05	53
41.15	2822
42.10	956
43.10	3293
44.05	83
47.00	33
50.00	41
53.10	251
54.15	467
55.15	3251
56.10	2395
57.15	3463
58.10	65
63.10	103
64.10	74
65.10	47
66.10	77
67.15	723
68.10	766
69.15	2535
70.15	2644
71.15	1234
74.20	79
75.20	3
76.20	6
77.20	7
78.10	68
79.20	9
81.15	355
82.15	925
83.15	2256
84.15	1422
85.15	525
90.10	43
92.10	53
93.10	104
95.20	111
96.15	463
97.15	2146
98.15	638
100.20	58
104.20	92
107.20	62
109.20	81
110.20	498
111.15	631
112.20	282
114.20	38
123.20	61
124.20	77
125.20	291
126.20	170
127.20	40
130.20	16
134.20	81
135.20	21
139.20	26
140.20	153
141.20	61
142.20	6
143.20	33
148.20	12
150.20	62
153.20	84
154.20	124
157.20	55
158.20	54
159.20	18
160.20	44
161.20	43
162.20	3
163.20	65
164.20	25
165.20	21
167.20	49
168.20	16
169.20	10
170.20	39
171.20	20
173.20	47
177.20	32
181.20	27
182.20	14
183.20	11
184.20	52
187.20	20
188.20	19
189.20	25
192.20	16
194.20	51
200.20	5
201.20	39
202.20	49
203.20	33
204.20	30
205.20	5
206.20	29
207.20	101
208.20	35
209.20	9
213.20	14
214.20	48
217.20	46
218.20	19
219.20	11
223.20	14
228.20	13
229.20	7
230.20	16
232.20	25
236.20	10
237.20	14
239.20	53
241.20	42
242.20	10
243.20	86
246.20	3
248.20	21
249.20	24
250.20	22
252.20	49
253.20	2
254.20	17
255.20	1
258.20	8
259.20	14
261.20	36
262.20	70
266.20	8
267.20	40
268.20	25
270.20	37
271.20	16
272.20	2
273.20	14
274.20	6
278.20	35
279.20	24
281.20	50
282.20	10
283.20	9
284.20	67
286.20	63
287.20	59
288.20	41
289.20	4
291.20	13
294.20	1
297.20	34
298.20	34
299.20	37
300.20	37
301.20	14
302.20	48
305.20	32
306.20	31
307.20	34
311.20	39
312.20	23
313.20	92
315.20	23
317.20	67
319.20	15
321.20	41
322.20	33
323.20	50
324.20	26
325.20	10
326.20	32
327.20	57
328.20	4
330.20	6
331.20	10
332.20	9
333.20	4
336.20	31
339.20	16
340.20	4
344.20	2
347.20	24
348.20	13
349.20	16
352.20	8
353.20	36
360.20	42
361.20	44
362.20	12
363.20	33
364.20	46
366.20	25
367.20	23
368.20	77
369.20	45
370.20	3
371.20	58
372.20	15
373.20	3
375.20	4
376.20	19
377.20	19
378.20	22
379.20	2
381.20	31
382.20	2
383.20	9
385.20	14
386.20	12
390.20	55
391.20	52
392.20	51
396.20	24
398.20	39
