m/z	Absolute Intensity
36.00	28
39.15	514
40.05	106
41.10	4213
42.15	1368
43.15	11659
44.05	705
46.10	83
47.10	61
52.10	75
53.10	264
54.10	262
55.10	2484
56.10	2437
57.15	17597
58.10	694
61.10	5
64.10	18
65.10	65
66.10	6
67.10	346
68.10	166
69.15	911
70.10	1651
71.15	9441
72.15	492
73.10	209
74.10	4
75.10	80
78.10	52
79.10	15
82.15	510
83.15	724
84.15	1107
85.15	6021
86.10	396
87.10	2
91.10	80
92.10	17
93.10	131
94.10	82
95.10	215
97.15	287
98.15	782
99.20	1401
100.20	100
101.20	75
102.20	13
103.20	7
105.20	217
106.20	38
107.20	89
110.20	39
111.20	152
112.10	528
113.25	680
114.20	92
116.30	8
119.30	93
120.20	24
123.30	16
124.20	30
126.20	317
127.25	518
130.30	35
131.30	72
134.30	40
136.30	89
137.30	89
140.30	175
141.30	306
142.30	76
144.30	10
146.30	14
147.30	83
148.30	39
152.30	29
154.30	69
155.30	72
156.30	57
157.30	112
158.30	37
159.30	35
160.30	68
161.30	39
165.30	5
166.30	62
167.30	24
168.30	26
169.30	34
170.30	19
171.30	10
172.30	35
174.30	12
181.30	34
182.30	49
185.30	35
187.30	28
188.30	6
191.30	21
194.30	5
195.30	23
196.30	73
198.30	426
199.30	10
200.30	28
201.30	44
203.30	13
204.30	14
205.30	29
206.30	36
210.30	32
211.30	10
213.30	16
214.30	14
215.30	24
217.30	31
219.30	10
221.30	29
225.30	5
228.30	53
229.30	33
230.30	32
231.30	2
233.30	3
236.30	22
238.30	40
239.30	11
240.30	11
242.30	38
243.30	16
244.30	20
245.30	2
247.30	4
249.30	2
250.30	38
255.30	26
256.30	15
259.30	43
261.30	39
262.30	26
263.30	14
265.30	47
266.30	72
267.30	47
269.30	38
270.30	21
271.30	37
273.30	5
275.30	5
276.30	20
278.30	1
281.30	9
283.30	24
284.30	34
287.30	47
293.30	4
294.30	16
295.30	28
297.30	5
298.30	31
299.30	63
300.30	12
303.30	20
304.30	22
305.30	50
306.30	3
309.30	45
310.30	7
313.30	54
314.30	17
315.30	34
316.30	23
317.30	17
318.30	22
319.30	29
320.30	25
322.30	48
323.30	3
325.30	40
327.30	9
328.30	28
336.30	6
340.30	67
341.30	42
342.30	56
344.30	21
346.30	1
347.30	18
349.30	67
350.30	25
351.30	13
355.30	24
359.30	13
360.30	54
363.30	9
364.30	4
367.30	8
368.30	21
369.30	11
372.30	37
373.30	66
375.30	18
376.30	28
377.30	41
378.30	8
380.30	49
385.30	22
388.30	36
389.30	8
391.30	34
392.30	50
399.30	40
