m/z	Absolute Intensity
35.00	15
39.10	316
41.10	1013
43.10	248
44.05	138
49.10	24
51.10	20
53.10	141
55.15	850
57.10	1220
58.10	141
60.10	72
63.10	49
64.10	113
65.10	142
66.10	21
67.15	864
68.10	4
70.10	144
71.10	383
73.10	100
75.10	55
77.15	438
78.10	274
79.10	846
80.10	211
81.10	580
82.15	383
83.20	380
84.20	29
85.15	92
86.10	15
89.10	15
91.15	1460
92.15	226
93.05	1165
94.10	1812
95.10	1432
96.20	79
97.15	165
99.10	120
100.10	60
102.20	63
103.10	13
104.10	100
105.15	1292
106.15	562
107.15	1223
108.20	961
109.15	753
110.10	217
111.20	194
112.10	46
115.10	9
116.20	40
117.10	73
118.10	10
119.15	148
120.15	629
121.15	581
122.20	256
123.20	197
124.10	47
128.20	35
129.10	59
130.20	38
131.20	43
132.20	62
133.20	1233
134.20	453
135.20	737
136.20	273
137.20	305
138.20	90
139.20	8
140.20	76
142.20	46
144.20	67
145.20	102
146.20	11
147.20	780
148.20	113
149.10	131
150.10	57
152.20	14
153.20	140
156.20	12
157.20	118
161.15	1131
162.10	284
163.10	284
166.10	29
167.10	14
168.10	36
169.10	18
171.10	6
172.10	34
174.10	21
175.10	539
176.10	73
178.10	4
181.10	69
183.10	11
184.10	44
185.10	7
188.10	33
189.10	894
190.10	105
191.10	71
192.10	8
193.10	55
194.10	21
197.10	2
198.10	48
202.10	12
203.10	43
204.10	938
205.10	58
206.10	37
208.10	51
210.10	24
211.10	1
216.10	28
217.10	1
218.10	5
219.10	15
221.10	29
222.10	9
224.10	4
226.10	35
227.10	21
228.10	29
229.10	31
230.10	50
233.10	48
235.10	5
238.10	49
241.10	45
245.10	2
246.10	10
247.10	1
248.10	71
250.10	35
258.10	25
261.10	7
262.10	6
263.10	35
264.10	26
265.10	50
266.10	62
268.10	5
270.10	42
271.10	32
272.10	72
273.10	10
274.10	45
275.10	7
276.10	56
277.10	45
281.10	99
282.10	56
285.10	46
287.10	67
288.10	3
291.10	48
292.10	18
294.10	14
295.10	137
296.10	20
298.10	9
300.10	12
303.10	12
306.10	2
307.10	63
310.10	22
313.10	3
316.10	37
321.10	31
323.10	28
325.10	66
326.10	66
327.10	14
332.10	54
335.10	79
337.10	47
338.10	43
339.10	2
341.10	25
343.10	2
345.10	45
346.10	12
348.10	10
349.10	20
350.10	13
351.10	38
352.10	43
353.10	46
354.10	21
355.10	34
356.10	30
357.10	13
359.10	34
362.10	34
363.10	13
365.10	29
366.10	33
367.10	24
370.10	48
371.10	7
372.10	23
376.10	30
378.10	36
379.10	41
381.10	46
382.10	3
385.10	16
389.10	9
390.10	32
391.10	8
392.10	9
395.10	58
