m/z	Absolute Intensity
35.00	52
38.00	3
39.10	795
41.15	6752
42.10	301
43.10	1216
44.10	344
45.10	67
46.10	9
48.10	34
49.10	59
50.10	12
51.10	160
52.10	29
53.10	832
54.10	186
55.15	2619
56.15	360
57.15	1583
60.10	26
61.10	18
63.10	12
65.10	308
67.10	1827
68.10	657
69.10	9233
70.15	1447
71.15	1424
75.10	118
76.10	47
77.15	1062
78.10	82
79.10	1751
80.10	292
81.15	1529
82.10	589
83.20	332
84.10	26
85.15	466
91.10	1706
92.10	878
93.15	4455
94.10	594
95.10	541
96.10	127
97.10	98
98.10	135
99.20	330
100.10	7
101.20	24
102.20	145
103.10	131
104.10	72
105.10	922
106.20	282
107.15	162
108.10	160
109.20	326
110.20	107
111.20	107
112.20	35
113.20	121
114.20	82
115.20	22
116.20	29
117.20	26
119.10	280
120.20	1564
121.20	289
122.20	44
123.20	107
128.20	8
129.20	90
131.20	90
133.20	1798
134.20	273
137.20	31
138.20	104
139.20	39
140.20	138
141.20	64
144.20	5
145.20	76
148.00	74
149.20	47
150.20	42
152.20	7
153.20	32
156.30	78
157.30	72
160.30	14
161.15	635
162.20	341
163.20	111
164.20	30
168.20	17
169.20	107
170.20	29
171.20	21
172.20	23
173.20	29
174.20	15
175.20	84
176.20	3
178.20	23
179.20	82
184.20	28
185.20	24
188.20	34
190.20	67
191.20	30
192.20	17
193.20	30
194.20	58
198.20	14
200.20	15
201.20	13
203.20	4
204.20	220
205.20	30
208.20	70
209.20	36
211.20	4
215.20	10
216.20	39
218.20	16
219.20	6
223.20	15
226.20	17
227.20	32
229.20	12
230.20	2
231.20	5
232.20	4
233.20	40
235.20	36
236.20	13
239.20	22
244.20	1
245.20	11
247.20	4
248.20	2
250.20	30
251.20	88
259.20	8
260.20	16
263.20	52
264.20	9
265.20	58
267.20	8
268.20	10
269.20	11
270.20	20
271.20	15
272.20	26
273.20	34
274.20	29
276.20	6
277.20	17
282.20	71
285.20	7
286.20	24
287.20	5
288.20	13
295.20	32
296.20	23
299.20	45
302.20	5
303.20	5
306.20	17
307.20	13
310.20	4
312.20	7
313.20	40
314.20	44
317.20	39
318.20	18
323.20	20
324.20	16
325.20	42
328.20	36
329.20	11
331.20	16
332.20	38
334.20	13
335.20	1
336.20	6
338.20	49
339.20	7
349.20	49
351.20	28
352.20	43
353.20	12
354.20	64
358.20	20
359.20	16
362.20	25
363.20	53
367.20	10
368.20	18
370.20	64
371.20	18
374.20	21
376.20	31
377.20	2
379.20	22
382.20	21
384.20	2
387.20	24
388.20	4
391.20	32
395.20	26
396.20	2
